\<?xml version="1.0" encoding="UTF-8" standalone="no"?\>

\<svg
width="800"
height="800"
viewBox="6 5 22 24"
fill="\#000"
version="1.1"
id="svg10"
sodipodi:docname="bong-svgrepo-com.svg"
inkscape:version="1.4.2 (ebf0e940d0, 2025-05-08)"
xmlns:inkscape="[http://www.inkscape.org/namespaces/inkscape](http://www.inkscape.org/namespaces/inkscape)"
xmlns:sodipodi="[http://sodipodi.sourceforge.net/DTD/sodipodi-0.dtd](http://sodipodi.sourceforge.net/DTD/sodipodi-0.dtd)"
xmlns="[http://www.w3.org/2000/svg](http://www.w3.org/2000/svg)"
xmlns:svg="[http://www.w3.org/2000/svg](http://www.w3.org/2000/svg)"\>
\<defs
id="defs10" /\>
\<sodipodi:namedview
id="namedview10"
pagecolor="\#ffffff"
bordercolor="\#000000"
borderopacity="0.25"
inkscape:showpageshadow="2"
inkscape:pageopacity="0.0"
inkscape:pagecheckerboard="0"
inkscape:deskcolor="\#d1d1d1"
inkscape:zoom="1.43"
inkscape:cx="400"
inkscape:cy="400"
inkscape:window-width="2560"
inkscape:window-height="1362"
inkscape:window-x="0"
inkscape:window-y="0"
inkscape:window-maximized="1"
inkscape:current-layer="svg10" /\>
\<g
transform="translate(21.112618,15.465895) rotate(45) scale(0.0068)"
id="g8"\>
\<g
transform="translate(98.831637 0) scale(0.40094)"
id="g7"\>
\<g
fill-rule="nonzero"
id="g6"\>
\<polygon
points="392.07,0 383.5,29.11 383.5,873.74 392.07,882.29 784.13,650.54"
fill="\#343434"
id="polygon1" /\>
\<polygon
points="392.07,0 0,650.54 392.07,882.29 392.07,472.33"
fill="\#8C8C8C"
id="polygon2" /\>
\<polygon
points="392.07,956.52 387.24,962.41 387.24,1263.28 392.07,1277.38 784.37,724.89"
fill="\#3C3C3B"
id="polygon3" /\>
\<polygon
points="392.07,1277.38 392.07,956.52 0,724.89"
fill="\#8C8C8C"
id="polygon4" /\>
\<polygon
points="392.07,882.29 784.13,650.54 392.07,472.33"
fill="\#141414"
id="polygon5" /\>
\<polygon
points="0,650.54 392.07,882.29 392.07,472.33"
fill="\#393939"
id="polygon6" /\>
\</g\>
\</g\>
\</g\>
\<path
d="M 13 7 L 13 14.677734 C 10.091057 15.875395 8 18.66082 8 22 C 8 24.23551 8.9251547 26.275654 10.414062 27.71875 L 10.705078 28 L 21.294922 28 L 21.585938 27.71875 C 23.074846 26.275654 24 24.23551 24 22 C 24 20.547126 23.531145 19.235307 22.853516 18.060547 L 24.767578 16.146484 L 25.474609 16.853516 L 26.888672 15.439453 L 24.060547 12.611328 L 22.646484 14.025391 L 23.353516 14.732422 L 21.632812 16.453125 C 20.882768 15.691855 20.003946 15.091076 19 14.677734 L 19 7 L 17 7 L 17 16.035156 L 17.714844 16.248047 C 19.55248 16.794887 21.014509 18.196819 21.650391 20 L 10.349609 20 C 10.985491 18.196819 12.44752 16.794887 14.285156 16.248047 L 15 16.035156 L 15 7 L 13 7 z M 10 22 L 22 22 C 22 23.560779 21.358174 24.943206 20.386719 26 L 11.613281 26 C 10.641826 24.943206 10 23.560779 10 22 z"
id="path8" /\>
\<g
transform="matrix(0.02333452,-0.02333452,0.02333452,0.02333452,27.28064,14.357106)"
id="g10"\>
\<defs
id="defs8"\>
\<clipPath
id="flame-clip"\>
\<circle
cx="0"
cy="0"
r="27"
id="circle8" /\>
\</clipPath\>
\</defs\>
\<g
clip-path="url(\#flame-clip)"
id="g9"\>
\<path
fill="\#ff0000"
transform="matrix(0.13,0,0,0.13,-56,-41)"
d="m 431.48,504.54 c -5.24,-10.41 -12.36,-18.75 -21.62,-24.98 -6.91,-4.65 -14.21,-8.76 -21.56,-12.69 -12.95,-6.93 -26.54,-12.66 -38.78,-20.91 -19.24,-12.96 -31.77,-30.57 -36.56,-53.37 -3.66,-17.46 -2.13,-34.69 2.89,-51.71 4.01,-13.6 10.35,-26.15 16.95,-38.6 7.71,-14.54 15.86,-28.87 21.81,-44.28 3.39,-8.77 5.94,-17.76 7.2,-27.11 0,3.69 0.24,7.4 -0.04,11.07 -1.48,19.17 -7.44,37.4 -11.94,55.94 -3.57,14.72 -6.92,29.46 -6.53,44.78 0.46,18.05 6.14,34.08 19.02,46.86 9.15,9.09 19.11,17.38 28.83,25.89 8.46,7.41 17.32,14.37 24.28,23.36 7.48,9.66 11.24,20.77 13.22,32.63 0.32,1.93 0.63,3.86 1.02,6.22 4.22,-6.71 8.24,-12.99 12.15,-19.34 2.97,-4.81 5.94,-9.63 8.66,-14.58 8.98,-16.34 8,-31.83 -4.22,-46.28 -6.7,-7.92 -13.41,-15.82 -20.01,-23.82 -4.83,-5.86 -9.23,-12.01 -10.54,-19.77 -1.49,-8.9 0.02,-17.43 3.25,-25.74 3.45,-8.89 7.2,-17.67 10.28,-26.69 3.52,-10.29 5.13,-21.02 5.5,-31.89 0.14,-4.19 -0.28,-8.39 -0.74,-12.61 -3.91,16.79 -14.43,29.92 -23.51,43.8 -7.15,10.93 -14.4,21.79 -19.47,33.9 -3.78,9.03 -6.23,18.4 -6.71,28.2 -0.59,11.95 2.26,23.17 8.54,33.28 3.76,6.07 8.44,11.56 12.72,17.31 0.36,0.49 0.75,0.96 1.13,1.44 l -0.39,0.49 c -2.78,-2 -5.65,-3.89 -8.33,-6.02 -12.9,-10.23 -23.86,-22.09 -30.76,-37.27 -5.35,-11.77 -6.76,-24.15 -5.31,-36.9 2.41,-21.24 11.63,-39.66 23.7,-56.9 7.63,-10.9 15.43,-21.7 22.75,-32.81 7.31,-11.11 11.78,-23.44 13.48,-36.65 1.58,-12.32 0.38,-24.49 -2.45,-36.55 -2.43,-10.38 -6,-20.36 -10.24,-30.13 l 0.47,-0.43 c 3.18,3.14 6.6,6.08 9.51,9.45 16.8,19.42 27.96,41.68 33.29,66.83 3.12,14.73 3.44,29.56 1.84,44.51 -1.06,9.89 -2.25,19.82 -2.49,29.75 -0.27,11.05 3.86,21.06 9.7,30.3 5.19,8.22 10.8,16.18 15.83,24.48 7.27,12.01 11.77,25.09 13,39.09 1.06,12.19 -1.32,23.97 -5.7,35.33 -4.68,12.14 -11.42,23.07 -19.75,33.04 -0.28,0.34 -0.5,0.73 -0.98,1.42 0.58,-0.2 0.81,-0.21 0.94,-0.33 13.86,-12.66 25.56,-26.91 32.56,-44.59 4.2,-10.61 4.64,-21.64 2.92,-32.71 -1.55,-9.97 -3.84,-19.83 -5.69,-29.75 -1.3,-6.98 -1.62,-14.03 -0.96,-21.16 2.41,11.44 9.46,20.38 15.71,29.77 4.45,6.69 8.7,13.49 10.95,21.34 l 0.78,-0.11 c -0.52,-5.46 -0.86,-10.95 -1.6,-16.38 -1.57,-11.65 -6.36,-22.27 -10.97,-32.92 -5.36,-12.4 -10.87,-24.73 -14.2,-37.9 -4.6,-18.21 -6.04,-36.6 -3.4,-55.24 0.17,-1.22 0.27,-2.44 0.62,-3.65 3.31,18.57 10.98,35.38 19.91,51.69 5.97,10.9 12.18,21.66 18.06,32.61 7.08,13.2 12.26,27.14 14.41,42.02 4.35,30.04 -2.87,56.63 -24.51,78.55 -9.21,9.33 -20.5,15.79 -31.95,21.98 -9.44,5.1 -18.91,10.16 -28.11,15.67 -11.91,7.14 -21.38,16.78 -27.83,29.82 z"
id="path9" /\>
\</g\>
\</g\>
\</svg\>
